digraph {
	"(22,)" [shape=doublecircle]
	"(1, 2, 3, 4, 5, 6, 7, 8, 9, 10, 11, 12, 13, 14, 15, 16, 17, 18, 19, 20, 21, 22)" [shape=circle style=bold]
	"(11, 12, 13, 14, 15, 16, 17, 22)" [shape=doublecircle]
	"(4, 5, 6, 22)" [shape=doublecircle]
	"(1, 2, 3, 4, 5, 6, 7, 8, 9, 10, 11, 12, 13, 14, 15, 16, 17, 18, 19, 20, 21, 22)" -> "(4, 5, 6, 22)" [label=Espacio]
	"(1, 2, 3, 4, 5, 6, 7, 8, 9, 10, 11, 12, 13, 14, 15, 16, 17, 18, 19, 20, 21, 22)" -> "(11, 12, 13, 14, 15, 16, 17, 22)" [label=A]
	"(1, 2, 3, 4, 5, 6, 7, 8, 9, 10, 11, 12, 13, 14, 15, 16, 17, 18, 19, 20, 21, 22)" -> "(11, 12, 13, 14, 15, 16, 17, 22)" [label=2]
	"(1, 2, 3, 4, 5, 6, 7, 8, 9, 10, 11, 12, 13, 14, 15, 16, 17, 18, 19, 20, 21, 22)" -> "(4, 5, 6, 22)" [label=Tab]
	"(1, 2, 3, 4, 5, 6, 7, 8, 9, 10, 11, 12, 13, 14, 15, 16, 17, 18, 19, 20, 21, 22)" -> "(22,)" [label=multi]
	"(1, 2, 3, 4, 5, 6, 7, 8, 9, 10, 11, 12, 13, 14, 15, 16, 17, 18, 19, 20, 21, 22)" -> "(22,)" [label=rparen]
	"(1, 2, 3, 4, 5, 6, 7, 8, 9, 10, 11, 12, 13, 14, 15, 16, 17, 18, 19, 20, 21, 22)" -> "(4, 5, 6, 22)" [label=Enter]
	"(1, 2, 3, 4, 5, 6, 7, 8, 9, 10, 11, 12, 13, 14, 15, 16, 17, 18, 19, 20, 21, 22)" -> "(11, 12, 13, 14, 15, 16, 17, 22)" [label=b]
	"(1, 2, 3, 4, 5, 6, 7, 8, 9, 10, 11, 12, 13, 14, 15, 16, 17, 18, 19, 20, 21, 22)" -> "(11, 12, 13, 14, 15, 16, 17, 22)" [label=0]
	"(1, 2, 3, 4, 5, 6, 7, 8, 9, 10, 11, 12, 13, 14, 15, 16, 17, 18, 19, 20, 21, 22)" -> "(22,)" [label=suma]
	"(1, 2, 3, 4, 5, 6, 7, 8, 9, 10, 11, 12, 13, 14, 15, 16, 17, 18, 19, 20, 21, 22)" -> "(11, 12, 13, 14, 15, 16, 17, 22)" [label=B]
	"(1, 2, 3, 4, 5, 6, 7, 8, 9, 10, 11, 12, 13, 14, 15, 16, 17, 18, 19, 20, 21, 22)" -> "(11, 12, 13, 14, 15, 16, 17, 22)" [label=a]
	"(1, 2, 3, 4, 5, 6, 7, 8, 9, 10, 11, 12, 13, 14, 15, 16, 17, 18, 19, 20, 21, 22)" -> "(22,)" [label=lparen]
	"(1, 2, 3, 4, 5, 6, 7, 8, 9, 10, 11, 12, 13, 14, 15, 16, 17, 18, 19, 20, 21, 22)" -> "(11, 12, 13, 14, 15, 16, 17, 22)" [label=1]
	"(11, 12, 13, 14, 15, 16, 17, 22)" -> "(11, 12, 13, 14, 15, 16, 17, 22)" [label=A]
	"(11, 12, 13, 14, 15, 16, 17, 22)" -> "(11, 12, 13, 14, 15, 16, 17, 22)" [label=2]
	"(11, 12, 13, 14, 15, 16, 17, 22)" -> "(11, 12, 13, 14, 15, 16, 17, 22)" [label=b]
	"(11, 12, 13, 14, 15, 16, 17, 22)" -> "(11, 12, 13, 14, 15, 16, 17, 22)" [label=0]
	"(11, 12, 13, 14, 15, 16, 17, 22)" -> "(11, 12, 13, 14, 15, 16, 17, 22)" [label=B]
	"(11, 12, 13, 14, 15, 16, 17, 22)" -> "(11, 12, 13, 14, 15, 16, 17, 22)" [label=a]
	"(11, 12, 13, 14, 15, 16, 17, 22)" -> "(11, 12, 13, 14, 15, 16, 17, 22)" [label=1]
	"(4, 5, 6, 22)" -> "(4, 5, 6, 22)" [label=Espacio]
	"(4, 5, 6, 22)" -> "(4, 5, 6, 22)" [label=Tab]
	"(4, 5, 6, 22)" -> "(4, 5, 6, 22)" [label=Enter]
	inicial [shape=none]
	inicial -> "(1, 2, 3, 4, 5, 6, 7, 8, 9, 10, 11, 12, 13, 14, 15, 16, 17, 18, 19, 20, 21, 22)" [label=inicio]
}
